nt	maxslice	maxecho	maxview	scandur	version
120	1	0	40	1204640	6
Core a_rf a_th a_gx a_gy a_gz dabslice dabecho dabview dabmode rot rfphase recphase textra freq waveform rotmat...
1	32766	32766	0	0	32766	0	0	1	0	0	0	0	0	0	1	32766	0	0	0	32766	0	0	0	32766	0	0	1
2	0	0	32766	32766	0	1	0	1	1	0	0	0	0	0	1	32766	0	0	0	32766	0	0	0	32766	0	0	1
0	0	0	32766	32766	32766	0	0	0	0	0	0	0	512	0	1	32766	0	0	0	32766	0	0	0	32766	0	0	1
1	32766	32766	0	0	32766	0	0	1	0	0	3276	3276	0	0	1	32766	0	0	0	32766	0	0	0	32766	0	0	1
2	0	0	32766	32766	0	1	0	2	1	0	3276	3276	0	0	1	32766	0	0	0	32766	0	0	0	32766	0	0	1
0	0	0	32766	32766	32766	0	0	0	0	0	0	0	512	0	1	32766	0	0	0	32766	0	0	0	32766	0	0	1
1	32766	32766	0	0	32766	0	0	1	0	0	13106	13106	0	0	1	32766	0	0	0	32766	0	0	0	32766	0	0	1
2	0	0	32766	32766	0	1	0	3	1	0	13106	13106	0	0	1	32766	0	0	0	32766	0	0	0	32766	0	0	1
0	0	0	32766	32766	32766	0	0	0	0	0	0	0	512	0	1	32766	0	0	0	32766	0	0	0	32766	0	0	1
1	32766	32766	0	0	32766	0	0	1	0	0	29490	29490	0	0	1	32766	0	0	0	32766	0	0	0	32766	0	0	1
2	0	0	32766	32766	0	1	0	4	1	0	29490	29490	0	0	1	32766	0	0	0	32766	0	0	0	32766	0	0	1
0	0	0	32766	32766	32766	0	0	0	0	0	0	0	512	0	1	32766	0	0	0	32766	0	0	0	32766	0	0	1
1	32766	32766	0	0	32766	0	0	1	0	0	-13106	-13106	0	0	1	32766	0	0	0	32766	0	0	0	32766	0	0	1
2	0	0	32766	32766	0	1	0	5	1	0	-13106	-13106	0	0	1	32766	0	0	0	32766	0	0	0	32766	0	0	1
0	0	0	32766	32766	32766	0	0	0	0	0	0	0	512	0	1	32766	0	0	0	32766	0	0	0	32766	0	0	1
1	32766	32766	0	0	32766	0	0	1	0	0	16382	16382	0	0	1	32766	0	0	0	32766	0	0	0	32766	0	0	1
2	0	0	32766	32766	0	1	0	6	1	0	16382	16382	0	0	1	32766	0	0	0	32766	0	0	0	32766	0	0	1
0	0	0	32766	32766	32766	0	0	0	0	0	0	0	512	0	1	32766	0	0	0	32766	0	0	0	32766	0	0	1
1	32766	32766	0	0	32766	0	0	1	0	0	-13106	-13106	0	0	1	32766	0	0	0	32766	0	0	0	32766	0	0	1
2	0	0	32766	32766	0	1	0	7	1	0	-13106	-13106	0	0	1	32766	0	0	0	32766	0	0	0	32766	0	0	1
0	0	0	32766	32766	32766	0	0	0	0	0	0	0	512	0	1	32766	0	0	0	32766	0	0	0	32766	0	0	1
1	32766	32766	0	0	32766	0	0	1	0	0	29490	29490	0	0	1	32766	0	0	0	32766	0	0	0	32766	0	0	1
2	0	0	32766	32766	0	1	0	8	1	0	29490	29490	0	0	1	32766	0	0	0	32766	0	0	0	32766	0	0	1
0	0	0	32766	32766	32766	0	0	0	0	0	0	0	512	0	1	32766	0	0	0	32766	0	0	0	32766	0	0	1
1	32766	32766	0	0	32766	0	0	1	0	0	13106	13106	0	0	1	32766	0	0	0	32766	0	0	0	32766	0	0	1
2	0	0	32766	32766	0	1	0	9	1	0	13106	13106	0	0	1	32766	0	0	0	32766	0	0	0	32766	0	0	1
0	0	0	32766	32766	32766	0	0	0	0	0	0	0	512	0	1	32766	0	0	0	32766	0	0	0	32766	0	0	1
1	32766	32766	0	0	32766	0	0	1	0	0	3276	3276	0	0	1	32766	0	0	0	32766	0	0	0	32766	0	0	1
2	0	0	32766	32766	0	1	0	10	1	0	3276	3276	0	0	1	32766	0	0	0	32766	0	0	0	32766	0	0	1
0	0	0	32766	32766	32766	0	0	0	0	0	0	0	512	0	1	32766	0	0	0	32766	0	0	0	32766	0	0	1
1	32766	32766	0	0	32766	0	0	1	0	0	0	0	0	0	1	32766	0	0	0	32766	0	0	0	32766	0	0	1
2	0	0	32766	32766	0	1	0	11	1	0	0	0	0	0	1	32766	0	0	0	32766	0	0	0	32766	0	0	1
0	0	0	32766	32766	32766	0	0	0	0	0	0	0	512	0	1	32766	0	0	0	32766	0	0	0	32766	0	0	1
1	32766	32766	0	0	32766	0	0	1	0	0	3276	3276	0	0	1	32766	0	0	0	32766	0	0	0	32766	0	0	1
2	0	0	32766	32766	0	1	0	12	1	0	3276	3276	0	0	1	32766	0	0	0	32766	0	0	0	32766	0	0	1
0	0	0	32766	32766	32766	0	0	0	0	0	0	0	512	0	1	32766	0	0	0	32766	0	0	0	32766	0	0	1
1	32766	32766	0	0	32766	0	0	1	0	0	13106	13106	0	0	1	32766	0	0	0	32766	0	0	0	32766	0	0	1
2	0	0	32766	32766	0	1	0	13	1	0	13106	13106	0	0	1	32766	0	0	0	32766	0	0	0	32766	0	0	1
0	0	0	32766	32766	32766	0	0	0	0	0	0	0	512	0	1	32766	0	0	0	32766	0	0	0	32766	0	0	1
1	32766	32766	0	0	32766	0	0	1	0	0	29490	29490	0	0	1	32766	0	0	0	32766	0	0	0	32766	0	0	1
2	0	0	32766	32766	0	1	0	14	1	0	29490	29490	0	0	1	32766	0	0	0	32766	0	0	0	32766	0	0	1
0	0	0	32766	32766	32766	0	0	0	0	0	0	0	512	0	1	32766	0	0	0	32766	0	0	0	32766	0	0	1
1	32766	32766	0	0	32766	0	0	1	0	0	-13106	-13106	0	0	1	32766	0	0	0	32766	0	0	0	32766	0	0	1
2	0	0	32766	32766	0	1	0	15	1	0	-13106	-13106	0	0	1	32766	0	0	0	32766	0	0	0	32766	0	0	1
0	0	0	32766	32766	32766	0	0	0	0	0	0	0	512	0	1	32766	0	0	0	32766	0	0	0	32766	0	0	1
1	32766	32766	0	0	32766	0	0	1	0	0	16382	16382	0	0	1	32766	0	0	0	32766	0	0	0	32766	0	0	1
2	0	0	32766	32766	0	1	0	16	1	0	16382	16382	0	0	1	32766	0	0	0	32766	0	0	0	32766	0	0	1
0	0	0	32766	32766	32766	0	0	0	0	0	0	0	512	0	1	32766	0	0	0	32766	0	0	0	32766	0	0	1
1	32766	32766	0	0	32766	0	0	1	0	0	-13106	-13106	0	0	1	32766	0	0	0	32766	0	0	0	32766	0	0	1
2	0	0	32766	32766	0	1	0	17	1	0	-13106	-13106	0	0	1	32766	0	0	0	32766	0	0	0	32766	0	0	1
0	0	0	32766	32766	32766	0	0	0	0	0	0	0	512	0	1	32766	0	0	0	32766	0	0	0	32766	0	0	1
1	32766	32766	0	0	32766	0	0	1	0	0	29490	29490	0	0	1	32766	0	0	0	32766	0	0	0	32766	0	0	1
2	0	0	32766	32766	0	1	0	18	1	0	29490	29490	0	0	1	32766	0	0	0	32766	0	0	0	32766	0	0	1
0	0	0	32766	32766	32766	0	0	0	0	0	0	0	512	0	1	32766	0	0	0	32766	0	0	0	32766	0	0	1
1	32766	32766	0	0	32766	0	0	1	0	0	13106	13106	0	0	1	32766	0	0	0	32766	0	0	0	32766	0	0	1
2	0	0	32766	32766	0	1	0	19	1	0	13106	13106	0	0	1	32766	0	0	0	32766	0	0	0	32766	0	0	1
0	0	0	32766	32766	32766	0	0	0	0	0	0	0	512	0	1	32766	0	0	0	32766	0	0	0	32766	0	0	1
1	32766	32766	0	0	32766	0	0	1	0	0	3276	3276	0	0	1	32766	0	0	0	32766	0	0	0	32766	0	0	1
2	0	0	32766	32766	0	1	0	20	1	0	3276	3276	0	0	1	32766	0	0	0	32766	0	0	0	32766	0	0	1
0	0	0	32766	32766	32766	0	0	0	0	0	0	0	512	0	1	32766	0	0	0	32766	0	0	0	32766	0	0	1
1	32766	32766	0	0	32766	0	0	1	0	0	0	0	0	0	1	32766	0	0	0	32766	0	0	0	32766	0	0	1
2	0	0	32766	32766	0	1	0	21	1	0	0	0	0	0	1	32766	0	0	0	32766	0	0	0	32766	0	0	1
0	0	0	32766	32766	32766	0	0	0	0	0	0	0	512	0	1	32766	0	0	0	32766	0	0	0	32766	0	0	1
1	32766	32766	0	0	32766	0	0	1	0	0	3276	3276	0	0	1	32766	0	0	0	32766	0	0	0	32766	0	0	1
2	0	0	32766	32766	0	1	0	22	1	0	3276	3276	0	0	1	32766	0	0	0	32766	0	0	0	32766	0	0	1
0	0	0	32766	32766	32766	0	0	0	0	0	0	0	512	0	1	32766	0	0	0	32766	0	0	0	32766	0	0	1
1	32766	32766	0	0	32766	0	0	1	0	0	13106	13106	0	0	1	32766	0	0	0	32766	0	0	0	32766	0	0	1
2	0	0	32766	32766	0	1	0	23	1	0	13106	13106	0	0	1	32766	0	0	0	32766	0	0	0	32766	0	0	1
0	0	0	32766	32766	32766	0	0	0	0	0	0	0	512	0	1	32766	0	0	0	32766	0	0	0	32766	0	0	1
1	32766	32766	0	0	32766	0	0	1	0	0	29490	29490	0	0	1	32766	0	0	0	32766	0	0	0	32766	0	0	1
2	0	0	32766	32766	0	1	0	24	1	0	29490	29490	0	0	1	32766	0	0	0	32766	0	0	0	32766	0	0	1
0	0	0	32766	32766	32766	0	0	0	0	0	0	0	512	0	1	32766	0	0	0	32766	0	0	0	32766	0	0	1
1	32766	32766	0	0	32766	0	0	1	0	0	-13106	-13106	0	0	1	32766	0	0	0	32766	0	0	0	32766	0	0	1
2	0	0	32766	32766	0	1	0	25	1	0	-13106	-13106	0	0	1	32766	0	0	0	32766	0	0	0	32766	0	0	1
0	0	0	32766	32766	32766	0	0	0	0	0	0	0	512	0	1	32766	0	0	0	32766	0	0	0	32766	0	0	1
1	32766	32766	0	0	32766	0	0	1	0	0	16382	16382	0	0	1	32766	0	0	0	32766	0	0	0	32766	0	0	1
2	0	0	32766	32766	0	1	0	26	1	0	16382	16382	0	0	1	32766	0	0	0	32766	0	0	0	32766	0	0	1
0	0	0	32766	32766	32766	0	0	0	0	0	0	0	512	0	1	32766	0	0	0	32766	0	0	0	32766	0	0	1
1	32766	32766	0	0	32766	0	0	1	0	0	-13106	-13106	0	0	1	32766	0	0	0	32766	0	0	0	32766	0	0	1
2	0	0	32766	32766	0	1	0	27	1	0	-13106	-13106	0	0	1	32766	0	0	0	32766	0	0	0	32766	0	0	1
0	0	0	32766	32766	32766	0	0	0	0	0	0	0	512	0	1	32766	0	0	0	32766	0	0	0	32766	0	0	1
1	32766	32766	0	0	32766	0	0	1	0	0	29490	29490	0	0	1	32766	0	0	0	32766	0	0	0	32766	0	0	1
2	0	0	32766	32766	0	1	0	28	1	0	29490	29490	0	0	1	32766	0	0	0	32766	0	0	0	32766	0	0	1
0	0	0	32766	32766	32766	0	0	0	0	0	0	0	512	0	1	32766	0	0	0	32766	0	0	0	32766	0	0	1
1	32766	32766	0	0	32766	0	0	1	0	0	13106	13106	0	0	1	32766	0	0	0	32766	0	0	0	32766	0	0	1
2	0	0	32766	32766	0	1	0	29	1	0	13106	13106	0	0	1	32766	0	0	0	32766	0	0	0	32766	0	0	1
0	0	0	32766	32766	32766	0	0	0	0	0	0	0	512	0	1	32766	0	0	0	32766	0	0	0	32766	0	0	1
1	32766	32766	0	0	32766	0	0	1	0	0	3276	3276	0	0	1	32766	0	0	0	32766	0	0	0	32766	0	0	1
2	0	0	32766	32766	0	1	0	30	1	0	3276	3276	0	0	1	32766	0	0	0	32766	0	0	0	32766	0	0	1
0	0	0	32766	32766	32766	0	0	0	0	0	0	0	512	0	1	32766	0	0	0	32766	0	0	0	32766	0	0	1
1	32766	32766	0	0	32766	0	0	1	0	0	0	0	0	0	1	32766	0	0	0	32766	0	0	0	32766	0	0	1
2	0	0	32766	32766	0	1	0	31	1	0	0	0	0	0	1	32766	0	0	0	32766	0	0	0	32766	0	0	1
0	0	0	32766	32766	32766	0	0	0	0	0	0	0	512	0	1	32766	0	0	0	32766	0	0	0	32766	0	0	1
1	32766	32766	0	0	32766	0	0	1	0	0	3276	3276	0	0	1	32766	0	0	0	32766	0	0	0	32766	0	0	1
2	0	0	32766	32766	0	1	0	32	1	0	3276	3276	0	0	1	32766	0	0	0	32766	0	0	0	32766	0	0	1
0	0	0	32766	32766	32766	0	0	0	0	0	0	0	512	0	1	32766	0	0	0	32766	0	0	0	32766	0	0	1
1	32766	32766	0	0	32766	0	0	1	0	0	13106	13106	0	0	1	32766	0	0	0	32766	0	0	0	32766	0	0	1
2	0	0	32766	32766	0	1	0	33	1	0	13106	13106	0	0	1	32766	0	0	0	32766	0	0	0	32766	0	0	1
0	0	0	32766	32766	32766	0	0	0	0	0	0	0	512	0	1	32766	0	0	0	32766	0	0	0	32766	0	0	1
1	32766	32766	0	0	32766	0	0	1	0	0	29490	29490	0	0	1	32766	0	0	0	32766	0	0	0	32766	0	0	1
2	0	0	32766	32766	0	1	0	34	1	0	29490	29490	0	0	1	32766	0	0	0	32766	0	0	0	32766	0	0	1
0	0	0	32766	32766	32766	0	0	0	0	0	0	0	512	0	1	32766	0	0	0	32766	0	0	0	32766	0	0	1
1	32766	32766	0	0	32766	0	0	1	0	0	-13106	-13106	0	0	1	32766	0	0	0	32766	0	0	0	32766	0	0	1
2	0	0	32766	32766	0	1	0	35	1	0	-13106	-13106	0	0	1	32766	0	0	0	32766	0	0	0	32766	0	0	1
0	0	0	32766	32766	32766	0	0	0	0	0	0	0	512	0	1	32766	0	0	0	32766	0	0	0	32766	0	0	1
1	32766	32766	0	0	32766	0	0	1	0	0	16382	16382	0	0	1	32766	0	0	0	32766	0	0	0	32766	0	0	1
2	0	0	32766	32766	0	1	0	36	1	0	16382	16382	0	0	1	32766	0	0	0	32766	0	0	0	32766	0	0	1
0	0	0	32766	32766	32766	0	0	0	0	0	0	0	512	0	1	32766	0	0	0	32766	0	0	0	32766	0	0	1
1	32766	32766	0	0	32766	0	0	1	0	0	-13106	-13106	0	0	1	32766	0	0	0	32766	0	0	0	32766	0	0	1
2	0	0	32766	32766	0	1	0	37	1	0	-13106	-13106	0	0	1	32766	0	0	0	32766	0	0	0	32766	0	0	1
0	0	0	32766	32766	32766	0	0	0	0	0	0	0	512	0	1	32766	0	0	0	32766	0	0	0	32766	0	0	1
1	32766	32766	0	0	32766	0	0	1	0	0	29490	29490	0	0	1	32766	0	0	0	32766	0	0	0	32766	0	0	1
2	0	0	32766	32766	0	1	0	38	1	0	29490	29490	0	0	1	32766	0	0	0	32766	0	0	0	32766	0	0	1
0	0	0	32766	32766	32766	0	0	0	0	0	0	0	512	0	1	32766	0	0	0	32766	0	0	0	32766	0	0	1
1	32766	32766	0	0	32766	0	0	1	0	0	13106	13106	0	0	1	32766	0	0	0	32766	0	0	0	32766	0	0	1
2	0	0	32766	32766	0	1	0	39	1	0	13106	13106	0	0	1	32766	0	0	0	32766	0	0	0	32766	0	0	1
0	0	0	32766	32766	32766	0	0	0	0	0	0	0	512	0	1	32766	0	0	0	32766	0	0	0	32766	0	0	1
1	32766	32766	0	0	32766	0	0	1	0	0	3276	3276	0	0	1	32766	0	0	0	32766	0	0	0	32766	0	0	1
2	0	0	32766	32766	0	1	0	40	1	0	3276	3276	0	0	1	32766	0	0	0	32766	0	0	0	32766	0	0	1
0	0	0	32766	32766	32766	0	0	0	0	0	0	0	512	0	1	32766	0	0	0	32766	0	0	0	32766	0	0	1
